2455532111122233332122332111112234432111122223332111222111112344432111112332112333222345432111112111
2456543211111113443223333111234445421111111111221111221111111244433211112332111233333455543211111111
2345554211111112443222333222345555311111111111111111222111111134433211123442111123344445544322111111
1234554211111112443111123333445665311111111111111112233111111123322211124543111113343333334443322222
1123443111111113432111113333334565311111221111111123333211111223211111124554211112333111123454433333
1112332111111134432111112332223455421112332111111233333211111233211111113455311112332111112455433344
2112332111112355542111112332112455532223332111112343322211112344322211112355432223432111112345422234
2122332111113456643111111222112456543333321111112333211111112344433321111355543334432111112444311123
3223333211112356654211111222223455555544211111113332111111112334333211112355542233331111113454211111
3333333321112244555421111133333444455554211111123221112233322223332211112455432223321111113555311111
3333333332211123445421111134443322234555311111222111112344432112222111113455421122221111113565411111
2332222343211111223331111245543211113455421112332111113456532111121111112455421112221111113466531111
2332112344322211112222112355432111112456532223332111112356542111222111112345432223332111112466642111
2332111344433221111222233454311111112456654344432111111245542111233111111245543344443111111246542111
3332111344432211111234455543111111112456766555443111111345542111233211111135554445554211111134432111
3432111344322111112345666531111111123456666655433322222355542111123311111135654345554211111113332111
4432112344321111123456665421111112333334556554333444333455542111113321111145653234454211111112331111
3321112344321111123456653211111134443211234432123455433345542111112321111256642112343211111112221111
2211112344422111112345432111112355532111112211112344422234432111112332112466642112232112232112332111
1111112456554321111123211111124555421111111111111232211124442111112333223466531111121111232112332111
1111113567766531111111111111145665421111111111111111111124543211112333333455421111111111221111233111
1111124578877642111111111111256665322111111111111111111134554322223333333333211111111112211111123321
1111124577776543111111111111356543322221112221111111111245554333332223333211111111111122211111112343
1111113466654333211111111111234321123332222332111111111355543344432122332111111111111233311111112456
2111112345432123332111122111122111112221112332212211112455432234432112332111122111112345432111112467
2111111123321112332111233211111111111111111233334432112455321123332112332111123211113455533211111356
1111111111211112332111233211111111111111111134556543323444311112343222321111122211234555433211111245
1111111111111111232111122211111111111211111245666654444444311112343222321111112112345554322111111134
1111111111221111222111112211111111112221111256765555444333321112343323321111111123444432211111111123
1111111112332111221111111221111111112321111356654334443233332112333223321111111123443211111111111123
2122322123332112232111112322112322112221112456532122332122332111222122332111122223332111122111112344
3233444333321111232111113432222321111111112455421111221112332111111112343211233322211111234332234455
2234565543211111121111134432112321111111234555421111111112332111111113454332232221111111245544445666
1234666542111111111111345431112211111112344554322221111222333211111113565433222111111111245655445666
1124566532111111111113454311111211111123444443323322112233333321111124555443211111111111135554444665
1123444321111111111123443111111211111234443321123322112333223321111234444332211111111111113443223455
2222222111122222222234432111112322112344432111112211112332112222112344322222222111122111112322112345
3322211111233334444444321111123443333454321111111111111211111111112343211112233333333211111111111244
3322111111233455666654211111235555444554321111111111111111111111112332111111223233444211111111111123
2221111112223456777653111112355555555544321111111112221111111111111222111111122223443211111111111111
1111112222122456666531111124555555554433332111111134432111111111211112211111111123332111111111111111
1111112321112355554321111245553334443222332111111356542111111123321112321111111123332111111112321111
2221112221112344422111112356532122332111222111112467642111112345432123332111112234432111112234432111
4431111111112343211111123455421111221111111111112456531111113456653333331111234445543111244455432111
5542111111111222111112334543211111222111111111111234311111124577765433221123455566654323456666431111
6642111111111111111234455432111111232111112111111122111111113578875421111135666666654333567776421111
5542111111111111111355654311111112332111112322111111111111113578865311111246665555554322456665421111
4432111233211111112466653111111123442111113343211111111111112467753111111356653334443111234454321111
2221112344322111112456642111112244432111112344432222222111112466642111112456542112332111112234432111
1111112455443211111245421111134455421111111133443334444311112455421111113466421111222111111123333111
1111112345543211111112111111356665311111111112344455555543222343211111124555311111222111111111233211
1111111345432211111111111112467764211111111111134455556665432221111111244444211111133211111111122222
1111111244432111111111111113456653111111111111113444445676542111111112444433211111133332111111112344
1111111244431111221111111123444443211112221111112333333567642111111134443222221111123344321111111355
2111112355532122332111112333222223222234432111112332112466642111112345532112232111112244432111112466
2111112456543223332111113333211122333344432111112332111245531111123455431112332111111234432111113577
3111112355543222221111123332111112233333332111113432111123321111123344432122333211111233332111124688
3111111245543111111111122222211111222211122111124432111111111111122223333222223322222233321111135688
3211111134432111111112222122221111121111111221123442111111111111222111223322122333332333311111124688
3111111123332111111123331112232111111111111222223443111111111122321111123321112344433333321111113577
2111112234432111112244432112232111122111112332112333322222222234432111112211112344322233332111112456
1111234445432111123455542111211111233111112322111344333344444455543211111111111332111123333111111244
1112455554421111124455531111111111122111111222112345443345566666554311111111111111111111233211111122
1124566543311111123455421111111111112111111111123455543335677665555421111111111111111111122111111111
1135665432111111113455421111111111111111111111223455532223566543334431111122111111111111111111111111
1356653211111111112355421111111111111111111111223455531112344311113331111344321111111111111111111111
2466542111122111112455532112222111112222112221112355532111122111112322112455532111112222112222212211
3456531111344311112456643333333211234443323321111135553211111111111211111456654321123444434444333322
3454421123565432122456654334443222356654332221111124565321111111111111111357776533335566656665544433
4333222245676543222345554333433222467765322211111113566431111111111111111246777643335677776666554333
3211112356765443322234444223332112356654321111111112455431111111121111111245666532234678766565543223
2111112467653333332112332112222111234443211112211111344321111112332111111235544311113567654444442112
2111112456542122332112332111232111112223322233332111122112222233432111112344332111112455532223432112
1111111345431112343222332112333111111112343345543211111112344444431111113444311111111344421123432111
1111111233321112454333443112344311111112455455655321111112456554321111123443211111111123321123443111
1111111123321112454444443211245421111112455455665421111112467654311111133333211111111112222234543211
1111111112221112454344443111134432111113454344555321111111456554211111233222221111111111233334543111
1112332112332112343233443111113443211123443222343222211111344333221112232112232111111111233334442111
2233432112232111222122332111112344422234432111222112332111122122332122332112232111222111122233432111
3344432111221111111111111111111345544444421111111111232111111113343233443222221112332111111112221111
5444432111111111111111111111112345666554211111111111122111111123454334554322221122332111111111111111
5444432111111111111111111111112345676542111111111111111112221124554334555432111233321111111111111112
4333432111111111111111111111123345665421111112211111111112332234454223455421111344421111111111111112
3222332111111111111111111111233233444211111234431111111123432223443111234311112355431111111133311113
2112332111122122322112332112222112222111112356542111112234432123332111112111112456532111112355432223
1111232111233233444334443222221111111111112456653111133444321111221111111111112467754211113455543334
1111222222222234555556654322222111111111112356664322245554311111111111111111113578875432223444444455
1111123333221123566677754322232211111111111245665432345665311111111111111111124578876654333322334556
2111113343211112355677753222233222111111111123455432234565411111111111111111124567766555432111123466
2111112444311111234567642111233233221111111112334311113466521111221111222111113455544455432111112467
2111112344422111112356542111122223332111122111122111112466642112332112332111112334322234432111112467
2111111345443211111134431111111123443212233211111111112356642122332122332111111222211123432111112467
3111111355543211111112211111111123454222333211111111111345532111222233442111111222211112222111123566
4311111356543111111111111111122234554322232211111111111233321111112245543211112222222111111122344455
4321112456532111111111111112332234553211221111222222222112211111111345553222222222332111111234544333
3321112466531111111111111123433234442111121112232223332111111111111356543223332222333111111356543211
2211112466542111112222222344432223332111222112222123332111122111112456532112222111222111112456542111
1111111356653211123333333343211112332112344322221112332111343211112345321111111111111111112455531111
1111111135665432223333333332111111232112455543321112443212355421111232111111111111111111111344432111
1111111124666543322233333211111111232113566554321113443212355542111111111111111111111111111123333111
